[
    1,
    0,
    0,
    [
        [
            "cc.Skeleton",
            [
                "_name",
                "_hash",
                "_joints",
                "_bindposes"
            ],
            0,
            12
        ]
    ],
    [
        [
            0,
            0,
            1,
            2,
            3,
            4
        ]
    ],
    [
        [
            0,
            "Skin-0",
            4204571687,
            [
                "RootNode/Bip001/Bip001 Pelvis/Bip001 Spine/Bip001 R Thigh/Bip001 R Calf/Bip001 R Foot",
                "RootNode/Bip001/Bip001 Pelvis/Bip001 Spine/Bip001 R Thigh/Bip001 R Calf/Bip001 R Foot/Bip001 R Toe0",
                "RootNode/Bip001/Bip001 Pelvis/Bip001 Spine/Bip001 L Thigh/Bip001 L Calf/Bip001 L Foot",
                "RootNode/Bip001/Bip001 Pelvis/Bip001 Spine/Bip001 R Thigh/Bip001 R Calf",
                "RootNode/Bip001/Bip001 Pelvis/Bip001 Spine/Bip001 R Thigh",
                "RootNode/Bip001/Bip001 Pelvis/Bip001 Spine/Bip001 L Thigh",
                "RootNode/Bip001/Bip001 Pelvis/Bip001 Spine/Bip001 L Thigh/Bip001 L Calf",
                "RootNode/Bip001/Bip001 Pelvis/Bip001 Spine",
                "RootNode/Bip001/Bip001 Pelvis",
                "RootNode/Bip001/Bip001 Pelvis/Bip001 Spine/Bip001 Spine1",
                "RootNode/Bip001",
                "RootNode/Bip001/Bip001 Pelvis/Bip001 Spine/Bip001 Spine1/Bip001 Neck/Bip001 Head",
                "RootNode/Bip001/Bip001 Pelvis/Bip001 Spine/Bip001 Spine1/jiantong",
                "RootNode/Bip001/Bip001 Pelvis/Bip001 Spine/Bip001 Spine1/Bip001 Neck",
                "RootNode/Bip001/Bip001 Pelvis/Bip001 Spine/Bip001 Spine1/Bip001 Neck/Bip001 R Clavicle",
                "RootNode/Bip001/Bip001 Pelvis/Bip001 Spine/Bip001 Spine1/Bip001 Neck/Bip001 R Clavicle/Bip001 R UpperArm",
                "RootNode/Bip001/Bip001 Pelvis/Bip001 Spine/Bip001 Spine1/Bip001 Neck/Bip001 R Clavicle/Bip001 R UpperArm/Bone034",
                "RootNode/Bip001/Bip001 Pelvis/Bip001 Spine/Bip001 Spine1/Bip001 Neck/Bip001 R Clavicle/Bip001 R UpperArm/Bone034/Bone035",
                "RootNode/Bip001/Bip001 Pelvis/Bip001 Spine/Bip001 Spine1/Bip001 Neck/Bip001 L Clavicle",
                "RootNode/Bip001/Bip001 Pelvis/Bip001 Spine/Bip001 Spine1/Bip001 Neck/Bip001 Head/Bone013/Bone014/Bone015/Bone016/Bone017",
                "RootNode/Bip001/Bip001 Pelvis/Bip001 Spine/Bip001 Spine1/Bip001 Neck/Bip001 Head/Bone010/Bone011",
                "RootNode/Bip001/Bip001 Pelvis/Bip001 Spine/Bip001 Spine1/Bip001 Neck/Bip001 Head/Bone010/Bone011/Bone012",
                "RootNode/Bip001/Bip001 Pelvis/Bone018",
                "RootNode/Bip001/Bip001 Pelvis/Bone022",
                "RootNode/Bip001/Bip001 Pelvis/Bone030",
                "RootNode/Bip001/Bip001 Pelvis/Bone030/Bone031",
                "RootNode/Bip001/Bip001 Pelvis/Bone018/Bone019",
                "RootNode/Bip001/Bip001 Pelvis/Bone022/Bone023",
                "RootNode/Bip001/Bip001 Pelvis/Bone022/Bone023/Bone024",
                "RootNode/Bip001/Bip001 Pelvis/Bone022/Bone023/Bone024/Bone025",
                "RootNode/Bip001/Bip001 Pelvis/Bone030/Bone031/Bone032",
                "RootNode/Bip001/Bip001 Pelvis/Bone030/Bone031/Bone032/Bone033",
                "RootNode/Bip001/Bip001 Pelvis/Bone018/Bone019/Bone020",
                "RootNode/Bip001/Bip001 Pelvis/Bone018/Bone019/Bone020/Bone021",
                "RootNode/Bip001/Bip001 Pelvis/Bip001 Spine/Bip001 Spine1/Bip001 Neck/Bip001 Head/Bone013",
                "RootNode/Bip001/Bip001 Pelvis/Bip001 Spine/Bip001 Spine1/Bip001 Neck/Bip001 Head/Bone013/Bone014",
                "RootNode/Bip001/Bip001 Pelvis/Bip001 Spine/Bip001 Spine1/Bip001 Neck/Bip001 Head/Bone013/Bone014/Bone015",
                "RootNode/Bip001/Bip001 Pelvis/Bip001 Spine/Bip001 Spine1/Bip001 Neck/Bip001 Head/Bone013/Bone014/Bone015/Bone016",
                "RootNode/Bip001/Bip001 Pelvis/Bip001 Spine/Bip001 L Thigh/Bip001 L Calf/Bip001 L Foot/Bip001 L Toe0",
                "RootNode/Bip001/Bip001 Pelvis/Bip001 Spine/Bip001 Spine1/Bip001 Neck/Bip001 L Clavicle/Bip001 L UpperArm",
                "RootNode/Bip001/Bip001 Pelvis/Bip001 Spine/Bip001 Spine1/Bip001 Neck/Bip001 L Clavicle/Bip001 L UpperArm/Bone036",
                "RootNode/Bip001/Bip001 Pelvis/Bip001 Spine/Bip001 Spine1/Bip001 Neck/Bip001 L Clavicle/Bip001 L UpperArm/Bone036/Bone037",
                "RootNode/Bip001/Bip001 Pelvis/Bip001 Spine/Bip001 Spine1/Bip001 Neck/Bip001 Head/Bone007/Bone008",
                "RootNode/Bip001/Bip001 Pelvis/Bip001 Spine/Bip001 Spine1/Bip001 Neck/Bip001 Head/Bone007/Bone008/Bone009",
                "RootNode/Bip001/Bip001 Pelvis/Bone026",
                "RootNode/Bip001/Bip001 Pelvis/Bone026/Bone027",
                "RootNode/Bip001/Bip001 Pelvis/Bone026/Bone027/Bone028",
                "RootNode/Bip001/Bip001 Pelvis/Bone026/Bone027/Bone028/Bone029",
                "RootNode/Bip001/Bip001 Pelvis/Bip001 Spine/Bip001 Spine1/Bip001 Neck/Bip001 Head/Bone010",
                "RootNode/Bip001/Bip001 Pelvis/Bip001 Spine/Bip001 Spine1/Bip001 Neck/Bip001 Head/Bone007",
                "RootNode/Bip001/Bip001 Pelvis/Bip001 Spine/Bip001 Spine1/Bip001 Neck/Bip001 L Clavicle/Bip001 L UpperArm/Bip001 L Forearm/Bip001 L Hand/gongjian/Bone004/Bone005",
                "RootNode/Bip001/Bip001 Pelvis/Bip001 Spine/Bip001 Spine1/Bip001 Neck/Bip001 L Clavicle/Bip001 L UpperArm/Bip001 L Forearm/Bip001 L Hand/gongjian/Bone004/Bone005/Bone006",
                "RootNode/Bip001/Bip001 Pelvis/Bip001 Spine/Bip001 Spine1/Bip001 Neck/Bip001 L Clavicle/Bip001 L UpperArm/Bip001 L Forearm/Bip001 L Hand/gongjian",
                "RootNode/Bip001/Bip001 Pelvis/Bip001 Spine/Bip001 Spine1/Bip001 Neck/Bip001 L Clavicle/Bip001 L UpperArm/Bip001 L Forearm/Bip001 L Hand/gongjian/Bone004",
                "RootNode/Bip001/Bip001 Pelvis/Bip001 Spine/Bip001 Spine1/Bip001 Neck/Bip001 L Clavicle/Bip001 L UpperArm/Bip001 L Forearm/Bip001 L Hand",
                "RootNode/Bip001/Bip001 Pelvis/Bip001 Spine/Bip001 Spine1/Bip001 Neck/Bip001 L Clavicle/Bip001 L UpperArm/Bip001 L Forearm/Bip001 L Hand/Bip001 L Finger1",
                "RootNode/Bip001/Bip001 Pelvis/Bip001 Spine/Bip001 Spine1/Bip001 Neck/Bip001 L Clavicle/Bip001 L UpperArm/Bip001 L Forearm/Bip001 L Hand/Bip001 L Finger1/Bip001 L Finger11",
                "RootNode/Bip001/Bip001 Pelvis/Bip001 Spine/Bip001 Spine1/Bip001 Neck/Bip001 L Clavicle/Bip001 L UpperArm/Bip001 L Forearm/Bip001 L Hand/gongjian/gongjian_la",
                "RootNode/Bip001/Bip001 Pelvis/Bip001 Spine/Bip001 Spine1/Bip001 Neck/Bip001 L Clavicle/Bip001 L UpperArm/Bip001 L Forearm/Bip001 L Hand/gongjian/Bone001/Bone002",
                "RootNode/Bip001/Bip001 Pelvis/Bip001 Spine/Bip001 Spine1/Bip001 Neck/Bip001 L Clavicle/Bip001 L UpperArm/Bip001 L Forearm/Bip001 L Hand/gongjian/Bone001/Bone002/Bone003",
                "RootNode/Bip001/Bip001 Pelvis/Bip001 Spine/Bip001 Spine1/Bip001 Neck/Bip001 L Clavicle/Bip001 L UpperArm/Bip001 L Forearm/Bip001 L Hand/gongjian/Bone001",
                "RootNode/Bip001/Bip001 Pelvis/Bip001 Spine/Bip001 Spine1/Bip001 Neck/Bip001 R Clavicle/Bip001 R UpperArm/Bip001 R Forearm/Bip001 R Hand",
                "RootNode/Bip001/Bip001 Pelvis/Bip001 Spine/Bip001 Spine1/Bip001 Neck/Bip001 R Clavicle/Bip001 R UpperArm/Bip001 R Forearm/Bip001 R Hand/Bip001 R Finger1",
                "RootNode/Bip001/Bip001 Pelvis/Bip001 Spine/Bip001 Spine1/Bip001 Neck/Bip001 R Clavicle/Bip001 R UpperArm/Bip001 R Forearm/Bip001 R Hand/Bip001 R Finger1/Bip001 R Finger11",
                "RootNode/Bip001/Bip001 Pelvis/Bip001 Spine/Bip001 Spine1/Bip001 Neck/Bip001 R Clavicle/Bip001 R UpperArm/Bip001 R Forearm",
                "RootNode/Bip001/Bip001 Pelvis/Bip001 Spine/Bip001 Spine1/Bip001 Neck/Bip001 R Clavicle/Bip001 R UpperArm/Bip001 R Forearm/Bip001 R Hand/Bip001 R Finger0",
                "RootNode/Bip001/Bip001 Pelvis/Bip001 Spine/Bip001 Spine1/Bip001 Neck/Bip001 R Clavicle/Bip001 R UpperArm/Bip001 R Forearm/Bip001 R Hand/Bip001 R Finger0/Bip001 R Finger01",
                "RootNode/Bip001/Bip001 Pelvis/Bip001 Spine/Bip001 Spine1/Bip001 Neck/Bip001 L Clavicle/Bip001 L UpperArm/Bip001 L Forearm",
                "RootNode/Bip001/Bip001 Pelvis/Bip001 Spine/Bip001 Spine1/Bip001 Neck/Bip001 L Clavicle/Bip001 L UpperArm/Bip001 L Forearm/Bip001 L Hand/Bip001 L Finger0",
                "RootNode/Bip001/Bip001 Pelvis/Bip001 Spine/Bip001 Spine1/Bip001 Neck/Bip001 L Clavicle/Bip001 L UpperArm/Bip001 L Forearm/Bip001 L Hand/Bip001 L Finger0/Bip001 L Finger01"
            ],
            [
                [
                    [
                        7,
                        4.371138828673793e-8,
                        -0.04899996519088745,
                        -0.9987987875938416,
                        0,
                        -6.123234262925839e-17,
                        -0.9987987875938416,
                        0.04899996519088745,
                        0,
                        -1,
                        -2.141856692006172e-9,
                        -4.3658882731278936e-8,
                        0,
                        0.02790239453315735,
                        0.00628758454695344,
                        -0.02861582674086094,
                        1
                    ],
                    [
                        7,
                        -0.04899996519088745,
                        4.3658882731278936e-8,
                        -0.9987987875938416,
                        0,
                        -0.9987987875938416,
                        -4.5853248309413175e-8,
                        0.04899996519088745,
                        0,
                        -4.3658886283992615e-8,
                        1,
                        4.5853248309413175e-8,
                        0,
                        -0.0240061953663826,
                        -0.00016744011372793466,
                        -0.028615828603506088,
                        1
                    ],
                    [
                        7,
                        4.371138828673793e-8,
                        0.04900270700454712,
                        -0.998798668384552,
                        0,
                        -6.123234262925839e-17,
                        -0.998798668384552,
                        -0.04900270700454712,
                        0,
                        -1,
                        2.1419765960928316e-9,
                        -4.36588720731379e-8,
                        0,
                        0.02790239080786705,
                        0.006287585943937302,
                        0.0286157988011837,
                        1
                    ],
                    [
                        7,
                        -2.1068972344551185e-8,
                        0.0000013735137827097788,
                        -1,
                        0,
                        0.07253024727106094,
                        -0.9973661303520203,
                        -0.0000013714244460061309,
                        0,
                        -0.9973662495613098,
                        -0.07253024727106094,
                        -7.86078260262002e-8,
                        0,
                        0.11435721069574356,
                        0.009685778990387917,
                        -0.02827335149049759,
                        1
                    ],
                    [
                        7,
                        5.662467827960427e-8,
                        0.000001372506176267052,
                        -1,
                        0,
                        0.016022076830267906,
                        -0.9998716711997986,
                        -0.0000013714228543904028,
                        0,
                        -0.999871551990509,
                        -0.016022078692913055,
                        -7.860781892077284e-8,
                        0,
                        0.19997432827949524,
                        0.003204406937584281,
                        -0.02827335149049759,
                        1
                    ],
                    [
                        7,
                        -2.7537720370673924e-7,
                        0.0000013661548337040585,
                        -1,
                        0,
                        0.016022076830267906,
                        -0.9998716711997986,
                        -0.0000013703914873985923,
                        0,
                        -0.999871551990509,
                        -0.016022078692913055,
                        2.5345323706460476e-7,
                        0,
                        0.19997432827949524,
                        0.003204406937584281,
                        0.028273314237594604,
                        1
                    ],
                    [
                        7,
                        -3.5218042171436537e-7,
                        0.0000013483971770256176,
                        -1,
                        0,
                        0.07253024727106094,
                        -0.9973661303520203,
                        -0.0000013703896684091887,
                        0,
                        -0.9973662495613098,
                        -0.07253024727106094,
                        2.534532654863142e-7,
                        0,
                        0.11435721814632416,
                        0.009685778990387917,
                        0.028273314237594604,
                        1
                    ],
                    [
                        7,
                        4.851649038073447e-8,
                        -0.0000014035521189725841,
                        1,
                        0,
                        -0.035390108823776245,
                        -0.9993736147880554,
                        -0.0000014009559663463733,
                        0,
                        0.9993735551834106,
                        -0.035390112549066544,
                        -9.815796886414319e-8,
                        0,
                        -0.22068306803703308,
                        0.00784805417060852,
                        2.1767368352243466e-8,
                        1
                    ],
                    [
                        7,
                        0.0000013867999086869531,
                        0.0000027577068522077752,
                        1,
                        0,
                        6.123234262925839e-17,
                        -1,
                        0.0000027577068522077752,
                        0,
                        1,
                        -3.8243271396898315e-12,
                        -0.0000013868001360606286,
                        0,
                        -0.19999998807907104,
                        7.648776360544285e-13,
                        2.7736001584344194e-7,
                        1
                    ],
                    [
                        7,
                        -1.6969124772003852e-7,
                        -0.0000014132363048702246,
                        1,
                        0,
                        0.12378022819757462,
                        -0.9923096895217896,
                        -0.0000013813635177939432,
                        0,
                        0.9923096895217896,
                        0.12378023564815521,
                        3.433169695199467e-7,
                        0,
                        -0.26025575399398804,
                        -0.03387313336133957,
                        -9.395052558147654e-8,
                        1
                    ],
                    [
                        7,
                        0.000001370906943520822,
                        1,
                        -6.123234262925839e-17,
                        0,
                        -1,
                        0.000001370906943520822,
                        6.123225660247469e-17,
                        0,
                        6.123234262925839e-17,
                        6.123225660247469e-17,
                        1,
                        0,
                        3.173834523012422e-39,
                        -1.2246468525851679e-17,
                        -0.19999998807907104,
                        1
                    ],
                    [
                        7,
                        0.0000013430886838250444,
                        -0.000001402693328600435,
                        1,
                        0,
                        6.123234262925839e-17,
                        -1,
                        -0.000001402693328600435,
                        0,
                        1,
                        1.8840029362976463e-12,
                        -0.0000013430887975118821,
                        0,
                        -0.3386670649051666,
                        0.01173066720366478,
                        4.754638496251573e-7,
                        1
                    ],
                    [
                        7,
                        1.5596921087990268e-8,
                        -4.0790886224328915e-9,
                        -1,
                        0,
                        -0.9909771680831909,
                        0.13403020799160004,
                        -1.6002916325419392e-8,
                        0,
                        0.13403019309043884,
                        0.9909772276878357,
                        -1.951825590040812e-9,
                        0,
                        0.008639190346002579,
                        -0.2871951758861542,
                        -0.003302530385553837,
                        1
                    ],
                    [
                        7,
                        2.17043790939897e-7,
                        -0.0000014199836186890025,
                        1,
                        0,
                        -0.15832139551639557,
                        -0.9873876571655273,
                        -0.000001367711433886143,
                        0,
                        0.9873876571655273,
                        -0.15832139551639557,
                        -4.391201571252168e-7,
                        0,
                        -0.31962019205093384,
                        0.06520096212625504,
                        1.6890909648736852e-7,
                        1
                    ],
                    [
                        7,
                        -0.9485144019126892,
                        -0.000001340687958872877,
                        0.3167341947555542,
                        0,
                        -0.039456967264413834,
                        0.9922108054161072,
                        -0.11815639585256577,
                        0,
                        -0.3142669200897217,
                        -0.12457041442394257,
                        -0.9411262273788452,
                        0,
                        0.08695398271083832,
                        0.029901066794991493,
                        0.30090078711509705,
                        1
                    ],
                    [
                        7,
                        -0.7680574059486389,
                        -0.05365787073969841,
                        0.6381290555000305,
                        0,
                        -0.0057912832126021385,
                        0.997024655342102,
                        0.07686561346054077,
                        0,
                        -0.6403548121452332,
                        0.05534161627292633,
                        -0.7660828828811646,
                        0,
                        0.1609424501657486,
                        -0.02717585302889347,
                        0.26024898886680603,
                        1
                    ],
                    [
                        7,
                        -0.8849770426750183,
                        0.4656343460083008,
                        -2.2718134573551652e-7,
                        0,
                        1.4901158351676713e-7,
                        -2.0468733907819114e-7,
                        -1,
                        0,
                        -0.4656343460083008,
                        -0.8849770426750183,
                        1.1175872316471214e-7,
                        0,
                        0.11712684482336044,
                        0.2948153018951416,
                        0.008519081398844719,
                        1
                    ],
                    [
                        7,
                        -0.8849771618843079,
                        0.46563422679901123,
                        -2.2718135994637123e-7,
                        0,
                        1.49011640360186e-7,
                        -2.0468732486733643e-7,
                        -1,
                        0,
                        -0.46563422679901123,
                        -0.8849771618843079,
                        1.1175872316471214e-7,
                        0,
                        0.08137809485197067,
                        0.2948153614997864,
                        0.00851907953619957,
                        1
                    ],
                    [
                        7,
                        0.9485145211219788,
                        -0.0000013797204019283527,
                        0.31673386693000793,
                        0,
                        -0.03945436701178551,
                        0.9922108054161072,
                        0.1181572675704956,
                        0,
                        -0.3142669200897217,
                        -0.12457041442394257,
                        0.9411262273788452,
                        0,
                        0.08695398271083832,
                        0.02990107052028179,
                        -0.30090078711509705,
                        1
                    ],
                    [
                        7,
                        -1.5066149217091152e-7,
                        1.614523803539214e-8,
                        -1,
                        0,
                        -0.3208686411380768,
                        -0.947123646736145,
                        3.305101259343246e-8,
                        0,
                        -0.947123646736145,
                        0.3208686411380768,
                        1.478755820016886e-7,
                        0,
                        0.36576488614082336,
                        -0.022842640057206154,
                        -5.131156299853501e-8,
                        1
                    ],
                    [
                        7,
                        0.33654993772506714,
                        -0.9098988771438599,
                        0.2425248920917511,
                        0,
                        -0.22826533019542694,
                        -0.32869699597358704,
                        -0.9164352416992188,
                        0,
                        -0.9135802984237671,
                        -0.25306621193885803,
                        0.3183213770389557,
                        0,
                        0.3251253068447113,
                        0.04061628133058548,
                        -0.11394482105970383,
                        1
                    ],
                    [
                        7,
                        0.33654987812042236,
                        -0.9098988175392151,
                        0.2425248622894287,
                        0,
                        -0.22826531529426575,
                        -0.32869696617126465,
                        -0.9164352416992188,
                        0,
                        -0.9135801196098328,
                        -0.25306615233421326,
                        0.3183213770389557,
                        0,
                        0.3045700490474701,
                        0.040616292506456375,
                        -0.11394481360912323,
                        1
                    ],
                    [
                        7,
                        1.8933151579858531e-7,
                        1.0000001192092896,
                        -1.0558188279219394e-7,
                        0,
                        -0.3426055312156677,
                        -3.432596074048888e-8,
                        -0.9394791126251221,
                        0,
                        -0.9394791126251221,
                        2.14046067981144e-7,
                        0.3426055312156677,
                        0,
                        0.19992032647132874,
                        -4.9508976474044175e-8,
                        -0.10414676368236542,
                        1
                    ],
                    [
                        7,
                        -0.4520820081233978,
                        -0.07733358442783356,
                        -0.8886176347732544,
                        0,
                        0.03506617248058319,
                        -0.9970054626464844,
                        0.0689263716340065,
                        0,
                        -0.8912866711616516,
                        -4.4703490686970326e-8,
                        0.45343998074531555,
                        0,
                        0.18174073100090027,
                        -0.006948268041014671,
                        -0.13696520030498505,
                        1
                    ],
                    [
                        7,
                        3.160504888910509e-7,
                        -1.0000001192092896,
                        5.691949240826943e-7,
                        0,
                        0.49519801139831543,
                        6.510127832370927e-7,
                        0.8687801957130432,
                        0,
                        -0.8687801361083984,
                        7.285735126316695e-9,
                        0.49519801139831543,
                        0,
                        0.1796143651008606,
                        -2.146151700799237e-8,
                        -0.13923250138759613,
                        1
                    ],
                    [
                        7,
                        -4.631557999346114e-7,
                        -1.0000001192092896,
                        -9.592171181793674e-7,
                        0,
                        0.27073514461517334,
                        -0.0000010487864301467198,
                        0.9626539349555969,
                        0,
                        -0.9626538753509521,
                        1.8616501051837986e-7,
                        0.2707351744174957,
                        0,
                        0.17545928061008453,
                        2.5911393919386683e-8,
                        -0.099814273416996,
                        1
                    ],
                    [
                        7,
                        2.3392757952933607e-7,
                        1.0000001192092896,
                        -6.78395153386191e-8,
                        0,
                        -0.18256379663944244,
                        -2.3992692277374772e-8,
                        -0.9831938743591309,
                        0,
                        -0.9831938147544861,
                        2.42381304360606e-7,
                        0.18256379663944244,
                        0,
                        0.17451079189777374,
                        -5.661105362264607e-8,
                        -0.07634507119655609,
                        1
                    ],
                    [
                        7,
                        -0.29265397787094116,
                        -0.05172043666243553,
                        -0.9548184275627136,
                        0,
                        0.01515656802803278,
                        -0.9986616969108582,
                        0.049449775367975235,
                        0,
                        -0.9560981392860413,
                        -9.75560681126808e-8,
                        0.29304614663124084,
                        0,
                        0.16351790726184845,
                        -0.005466461181640625,
                        -0.11058032512664795,
                        1
                    ],
                    [
                        7,
                        -0.1854018121957779,
                        -0.2753048539161682,
                        -0.9433101415634155,
                        0,
                        0.053093865513801575,
                        -0.9613572955131531,
                        0.27013662457466125,
                        0,
                        -0.9812276363372803,
                        -1.6391292945172609e-7,
                        0.19285434484481812,
                        0,
                        0.1468181610107422,
                        -0.020189611241221428,
                        -0.09313374012708664,
                        1
                    ],
                    [
                        7,
                        -0.1854018121957779,
                        -0.2753048539161682,
                        -0.9433101415634155,
                        0,
                        0.053093865513801575,
                        -0.9613572955131531,
                        0.27013662457466125,
                        0,
                        -0.9812276363372803,
                        -1.6391292945172609e-7,
                        0.19285434484481812,
                        0,
                        0.12227239459753036,
                        -0.020189616829156876,
                        -0.09313375502824783,
                        1
                    ],
                    [
                        7,
                        -3.0101908521373844e-8,
                        -1.0000001192092896,
                        1.5552033971744095e-7,
                        0,
                        0.13820402324199677,
                        1.4986775909164862e-7,
                        0.9904037117958069,
                        0,
                        -0.9904035925865173,
                        5.1306596304812047e-8,
                        0.13820403814315796,
                        0,
                        0.1579490602016449,
                        -1.244324554505738e-8,
                        -0.07920227199792862,
                        1
                    ],
                    [
                        7,
                        -1.1752462825143084e-7,
                        -1.0000001192092896,
                        2.4294342892972054e-7,
                        0,
                        0.13820411264896393,
                        2.2436974234096851e-7,
                        0.9904037117958069,
                        0,
                        -0.9904035925865173,
                        1.4997266362115624e-7,
                        0.13820412755012512,
                        0,
                        0.13111332058906555,
                        -2.9613735463840385e-8,
                        -0.07920227944850922,
                        1
                    ],
                    [
                        7,
                        2.4346348936887807e-7,
                        -1.0000001192092896,
                        -5.571994279307546e-7,
                        0,
                        0.06961220502853394,
                        -5.388997692534758e-7,
                        0.9975741505622864,
                        0,
                        -0.9975740313529968,
                        -2.816607889144507e-7,
                        0.06961220502853394,
                        0,
                        0.1599186360836029,
                        3.546780646956904e-8,
                        0.03747048228979111,
                        1
                    ],
                    [
                        7,
                        2.4346346094716864e-7,
                        -1.0000001192092896,
                        -5.571993710873357e-7,
                        0,
                        0.06961219012737274,
                        -5.388997692534758e-7,
                        0.997573971748352,
                        0,
                        -0.997573971748352,
                        -2.816607889144507e-7,
                        0.06961219757795334,
                        0,
                        0.13732244074344635,
                        3.458915998066914e-8,
                        0.037470489740371704,
                        1
                    ],
                    [
                        7,
                        -3.706338702613721e-8,
                        -1.6505818223322422e-7,
                        -1,
                        0,
                        0.9934088587760925,
                        0.11462464928627014,
                        -5.573884109821847e-8,
                        0,
                        0.11462464928627014,
                        -0.9934088587760925,
                        1.5972190681168286e-7,
                        0,
                        -0.10894107818603516,
                        0.4571993947029114,
                        -5.188396201560863e-8,
                        1
                    ],
                    [
                        7,
                        -2.4270542553495034e-7,
                        2.030208179348847e-8,
                        -1,
                        0,
                        0.6770560145378113,
                        -0.7359314560890198,
                        -1.7926613793406432e-7,
                        0,
                        -0.735931396484375,
                        -0.6770560145378113,
                        1.6486893628098187e-7,
                        0,
                        0.2906617522239685,
                        0.37764444947242737,
                        -4.206705739306926e-8,
                        1
                    ],
                    [
                        7,
                        -1.390442321280716e-7,
                        -6.022292353691228e-8,
                        -1,
                        0,
                        0.18772178888320923,
                        -0.9822222590446472,
                        3.305065732206458e-8,
                        0,
                        -0.9822221398353577,
                        -0.18772181868553162,
                        1.4787751467792987e-7,
                        0,
                        0.4179098904132843,
                        0.1852591633796692,
                        -5.13123019629802e-8,
                        1
                    ],
                    [
                        7,
                        -1.5066149217091152e-7,
                        1.614523803539214e-8,
                        -1,
                        0,
                        -0.3208686411380768,
                        -0.947123646736145,
                        3.305101259343246e-8,
                        0,
                        -0.947123646736145,
                        0.3208686411380768,
                        1.478755820016886e-7,
                        0,
                        0.4161258637905121,
                        -0.02284262515604496,
                        -5.131156299853501e-8,
                        1
                    ],
                    [
                        7,
                        0.04900270700454712,
                        -4.3658882731278936e-8,
                        -0.998798668384552,
                        0,
                        -0.998798668384552,
                        -4.5853361996250896e-8,
                        -0.04900270700454712,
                        0,
                        -4.36588720731379e-8,
                        1,
                        -4.5853369101678254e-8,
                        0,
                        -0.0240061953663826,
                        -0.00016744011372793466,
                        0.0286157988011837,
                        1
                    ],
                    [
                        7,
                        0.7680574059486389,
                        0.05365513637661934,
                        0.6381292939186096,
                        0,
                        -0.005789177492260933,
                        0.9970248937606812,
                        -0.0768638625741005,
                        0,
                        -0.6403548121452332,
                        0.05534161999821663,
                        0.7660828828811646,
                        0,
                        0.16094247996807098,
                        -0.02717585489153862,
                        -0.26024895906448364,
                        1
                    ],
                    [
                        7,
                        0.8849774599075317,
                        -0.46563413739204407,
                        4.062573282226367e-7,
                        0,
                        2.086163561898502e-7,
                        -4.7598868491149915e-7,
                        -1.0000001192092896,
                        0,
                        -0.465634286403656,
                        -0.8849772214889526,
                        3.2410036965302425e-7,
                        0,
                        0.11719141900539398,
                        0.2947813868522644,
                        0.008519012480974197,
                        1
                    ],
                    [
                        7,
                        0.8849776387214661,
                        -0.4656340181827545,
                        4.062573850660556e-7,
                        0,
                        2.0861646987668792e-7,
                        -4.7598868491149915e-7,
                        -1.0000001192092896,
                        0,
                        -0.46563413739204407,
                        -0.884977400302887,
                        3.2410036965302425e-7,
                        0,
                        0.08144266903400421,
                        0.2947814464569092,
                        0.008519010618329048,
                        1
                    ],
                    [
                        7,
                        -0.33654990792274475,
                        0.909898579120636,
                        -0.24252499639987946,
                        0,
                        -0.22826512157917023,
                        -0.3286970555782318,
                        -0.9164350032806396,
                        0,
                        -0.9135801196098328,
                        -0.25306615233421326,
                        0.318321168422699,
                        0,
                        0.32535818219184875,
                        0.03998677805066109,
                        -0.11377697438001633,
                        1
                    ],
                    [
                        7,
                        -0.33654987812042236,
                        0.9098984599113464,
                        -0.24252499639987946,
                        0,
                        -0.22826510667800903,
                        -0.32869699597358704,
                        -0.9164350628852844,
                        0,
                        -0.913580060005188,
